Importance of components:
                          Comp.1     Comp.2     Comp.3     Comp.4     Comp.5     Comp.6     Comp.7
Standard deviation     3.5527600 1.25406771 1.12039853 0.86208579 0.76579023 0.75225188 0.61089084
Proportion of Variance 0.6743867 0.08402707 0.06706908 0.03970802 0.03133263 0.03023457 0.01993905
Cumulative Proportion  0.6743867 0.75841378 0.82548285 0.86519087 0.89652351 0.92675808 0.94669713
                           Comp.8     Comp.9    Comp.10    Comp.11     Comp.12     Comp.13
Standard deviation     0.52361686 0.49673765 0.47825065 0.33282653 0.267535624 0.237246795
Proportion of Variance 0.01464888 0.01318352 0.01222048 0.00591852 0.003824199 0.003007308
Cumulative Proportion  0.96134602 0.97452954 0.98675002 0.99266854 0.996492739 0.999500048
                            Comp.14      Comp.15      Comp.16      Comp.17      Comp.18
Standard deviation     0.0788534083 0.0481522039 2.615188e-02 1.170041e-02 6.353808e-08
Proportion of Variance 0.0003322142 0.0001238824 3.654124e-05 7.314418e-06 2.156977e-16
Cumulative Proportion  0.9998322619 0.9999561443 9.999927e-01 1.000000e+00 1.000000e+00
                            Comp.19
Standard deviation     9.408299e-09
Proportion of Variance 4.729329e-18
Cumulative Proportion  1.000000e+00

                      Comp.1       Comp.2      Comp.3       Comp.4      Comp.5       Comp.6
P_ALVSREV         0.25287296  0.082680847  0.26054332  0.086450660  0.06291327  0.058331938
P_REDE_ESG       -0.18860457 -0.315068600 -0.07203665 -0.320444895  0.28934792  0.581092136
P_REDE_AGUA      -0.08888626 -0.563444374  0.12431657  0.485245959 -0.30670877  0.393559374
P_LIXO           -0.10571763  0.194902312 -0.72567530  0.186192650 -0.15721411 -0.035442640
P_ENERGIA        -0.11195296 -0.559708037 -0.06588631  0.239148185  0.13846574 -0.632062927
P_TV             -0.22726578  0.099328549  0.04164174 -0.094086685  0.41285307 -0.051339021
P_MAQLAV         -0.27110702  0.048279158  0.13039959  0.006916911  0.05190188  0.007027964
P_GELADEIRA      -0.22342106  0.126927980  0.17993105  0.181774982  0.20762081 -0.007354067
P_MAQTVGEL       -0.27125581  0.052002443  0.12838637  0.007922404  0.05811613  0.002131978
P_CELULAR        -0.23254520  0.283931314  0.08514764  0.277765051 -0.17632849  0.013921374
P_COMP_INT       -0.25806994 -0.057497826  0.07174018 -0.051458952  0.24703279 -0.119524422
P_CELCOMPINT     -0.25819750 -0.049378126  0.09545365 -0.017640714  0.23225180 -0.114376681
P_MOTO            0.19180668  0.135286161 -0.21247812  0.519616345  0.54469406  0.185392707
P_CARRO          -0.26392041  0.157653721  0.09033011  0.165138631 -0.09924999  0.053807081
P_ADEQ           -0.25237633 -0.090890496 -0.26280555 -0.083066890 -0.05358086 -0.044496286
P_TUDOADEQ       -0.24642100 -0.081356702 -0.37741798 -0.099840454  0.03372250  0.148654713
P_NEM_MOTO_CARRO  0.25823228 -0.178256434 -0.09963073 -0.228901869  0.07035852 -0.073202272
P_SO_MOTO         0.25495513 -0.006588612 -0.01897710  0.249192097  0.25829497  0.072811455
P_SO_CARRO       -0.26521208  0.133929452  0.12774642  0.108478343 -0.16266624  0.031162404
                      Comp.7      Comp.8      Comp.9     Comp.10     Comp.11      Comp.12
P_ALVSREV         0.16102915  0.10055890  0.34048878  0.36170975  0.05765935  0.001857338
P_REDE_ESG       -0.07417486 -0.25502442  0.13829230  0.34347612  0.20545265 -0.048687955
P_REDE_AGUA       0.22374862  0.23831424  0.05948504 -0.23920147 -0.06757760  0.027986031
P_LIXO            0.28322153  0.27429245  0.23470889  0.26395706  0.08039035  0.018383403
P_ENERGIA        -0.03413459 -0.33083643  0.13549109  0.24039670  0.07773847  0.011052445
P_TV              0.48152969 -0.14877663  0.45961125 -0.51577302 -0.08656691 -0.096354274
P_MAQLAV         -0.05411891  0.08968117 -0.01106221  0.04454768  0.04576866  0.538309636
P_GELADEIRA       0.57709349 -0.04845394 -0.62087675  0.26931906  0.09819811 -0.132696908
P_MAQTVGEL       -0.05061248  0.08712736 -0.01581778  0.03289123  0.04276135  0.529174240
P_CELULAR        -0.12912434 -0.22145645  0.15390831 -0.14267175  0.67809333  0.077017687
P_COMP_INT       -0.17608396  0.50599123  0.02708225  0.03392470 -0.01292934 -0.175983128
P_CELCOMPINT     -0.19546397  0.49774043  0.04986084  0.02808024  0.08115352 -0.146453781
P_MOTO           -0.23018386 -0.10749558 -0.06103270 -0.02745846 -0.29002615  0.243610323
P_CARRO          -0.13710812 -0.14335110  0.09345223  0.12303400 -0.27382585 -0.171572149
P_ADEQ           -0.16177403 -0.11061182 -0.33940858 -0.36848303 -0.04362487 -0.030595816
P_TUDOADEQ       -0.03145178 -0.05827079 -0.09620029  0.01060369  0.03834360 -0.075224309
P_NEM_MOTO_CARRO  0.18558204  0.14822817 -0.08911967 -0.11294766  0.23664850  0.250233360
P_SO_MOTO        -0.17977983  0.09011538 -0.10435304 -0.16399102  0.45440239 -0.334265714
P_SO_CARRO       -0.12303186 -0.11228641  0.09058072  0.10563956 -0.15752843 -0.267598325
                     Comp.13      Comp.14      Comp.15       Comp.16       Comp.17       Comp.18
P_ALVSREV         0.02268856  0.279021465  0.031185609  6.928150e-01  0.0321230586  3.562134e-07
P_REDE_ESG        0.01410826 -0.287652212  0.026429427  2.265526e-03  0.0052757406 -4.041139e-08
P_REDE_AGUA       0.03838250  0.011908614 -0.012384920 -3.666538e-03 -0.0027244268 -5.074155e-09
P_LIXO           -0.13783036 -0.236669318  0.036194353  1.460011e-02  0.0068093134 -8.510546e-09
P_ENERGIA        -0.03154438  0.004847165 -0.005770078 -2.566992e-05 -0.0008366471  1.886628e-09
P_TV             -0.08013442  0.010658723  0.011505276 -7.921846e-03  0.0060441990  1.372689e-08
P_MAQLAV         -0.32249755  0.070977435 -0.006166898 -3.569915e-02  0.6993351219 -3.857154e-07
P_GELADEIRA       0.05976638 -0.032387656  0.009650277 -2.123818e-03  0.0043790450  9.862165e-09
P_MAQTVGEL       -0.31832242  0.022624803 -0.003366452  5.723929e-02 -0.7108591394  3.926376e-07
P_CELULAR         0.40843272 -0.021494505 -0.082639430  2.479874e-03  0.0007661634 -4.776606e-08
P_COMP_INT        0.15151640 -0.106468953 -0.697806730  7.507994e-02  0.0083431439 -3.873871e-08
P_CELCOMPINT      0.21883783  0.044916512  0.694144894 -7.366860e-02 -0.0042122224 -4.594983e-10
P_MOTO            0.25112991 -0.020900687 -0.002944191  9.293231e-04  0.0033784846  8.064141e-02
P_CARRO          -0.05964969 -0.011196692  0.014624120 -1.025634e-03  0.0002596787  4.389387e-01
P_ADEQ           -0.01705774 -0.193915465  0.109430158  7.083744e-01  0.0578016632  3.319837e-07
P_TUDOADEQ        0.04793722  0.850003826 -0.090939070 -4.535319e-02 -0.0315915735  7.778508e-08
P_NEM_MOTO_CARRO  0.17038150  0.005377177 -0.015963659  3.555736e-03 -0.0001300811  7.770793e-01
P_SO_MOTO        -0.62244524  0.044681350 -0.004081900 -1.450790e-02 -0.0009996072  6.355643e-02
P_SO_CARRO       -0.19785763 -0.000952219  0.014758704 -3.338167e-03 -0.0005038002  4.392473e-01
                       Comp.19
P_ALVSREV         0.000000e+00
P_REDE_ESG        3.880195e-15
P_REDE_AGUA      -2.732454e-15
P_LIXO            8.456416e-15
P_ENERGIA        -1.421555e-15
P_TV              1.048626e-14
P_MAQLAV          8.281977e-13
P_GELADEIRA       7.100842e-15
P_MAQTVGEL       -8.513961e-13
P_CELULAR        -8.424299e-16
P_COMP_INT        4.337121e-14
P_CELCOMPINT     -3.844677e-14
P_MOTO            1.272423e-01
P_CARRO          -7.022202e-01
P_ADEQ            3.479387e-14
P_TUDOADEQ       -3.840894e-14
P_NEM_MOTO_CARRO  1.451369e-07
P_SO_MOTO        -1.016784e-01
P_SO_CARRO        6.930784e-01
