RStudioGD 
        2 
       P_ALVSREV       P_REDE_ESG      P_REDE_AGUA           P_LIXO        P_ENERGIA 
        9.569317        96.163437        99.676396        97.808161        99.555508 
            P_TV         P_MAQLAV      P_GELADEIRA       P_MAQTVGEL        P_CELULAR 
       98.601969        69.033973        98.594251        68.551122        91.184828 
      P_COMP_INT     P_CELCOMPINT           P_MOTO          P_CARRO           P_ADEQ 
       85.760409        84.105916        11.955781        52.349531        90.163885 
      P_TUDOADEQ P_NEM_MOTO_CARRO        P_SO_MOTO       P_SO_CARRO 
       86.040899        43.350262         4.300207        44.693957 
                      [,1]
P_ALVSREV         9.569317
P_REDE_ESG       96.163437
P_REDE_AGUA      99.676396
P_LIXO           97.808161
P_ENERGIA        99.555508
P_TV             98.601969
P_MAQLAV         69.033973
P_GELADEIRA      98.594251
P_MAQTVGEL       68.551122
P_CELULAR        91.184828
P_COMP_INT       85.760409
P_CELCOMPINT     84.105916
P_MOTO           11.955781
P_CARRO          52.349531
P_ADEQ           90.163885
P_TUDOADEQ       86.040899
P_NEM_MOTO_CARRO 43.350262
P_SO_MOTO         4.300207
P_SO_CARRO       44.693957
                  P_ALVSREV  P_REDE_ESG P_REDE_AGUA       P_LIXO  P_ENERGIA        P_TV    P_MAQLAV
P_ALVSREV         42.076066 -18.2282352 -0.84448198 -12.59051539 -2.5160785 -3.82376648  -82.541983
P_REDE_ESG       -18.228235  19.4379052  0.82433107   2.53766945  1.4180733  2.06816033   42.592528
P_REDE_AGUA       -0.844482   0.8243311  0.21190002  -0.09361529  0.2050900  0.04833802    1.986132
P_LIXO           -12.590515   2.5376694 -0.09361529  15.97694630  0.2359473  0.98504886   16.315471
P_ENERGIA         -2.516078   1.4180733  0.20508998   0.23594729  0.7841930  0.20151846    4.563905
P_TV              -3.823766   2.0681603  0.04833802   0.98504886  0.2015185  0.74841471   10.595976
P_MAQLAV         -82.541983  42.5925284  1.98613191  16.31547065  4.5639055 10.59597629  238.449216
P_GELADEIRA       -3.561803   1.7033689  0.08766162   0.77578142  0.1840573  0.54964500   10.992253
P_MAQTVGEL       -83.235274  42.6432432  1.96506604  16.54452045  4.5763914 10.71750381  239.869913
P_CELULAR        -15.156695   5.2356816  0.22092325   4.81386170  0.3867931  1.99444947   44.012370
P_COMP_INT       -45.527420  24.2466587  1.13050615   8.98864894  3.2858575  5.70525338  122.837232
P_CELCOMPINT     -46.612161  24.7195424  1.21863284   8.80600104  3.3812205  5.88935033  128.291238
P_MOTO            11.959846  -6.4623322 -0.37133831  -0.55493619 -0.8131012 -1.31734991  -31.416032
P_CARRO          -86.605750  39.6036826  1.85480808  22.89808582  3.8063463 10.82477769  243.616332
P_ADEQ           -42.041504  18.4895215  0.87035466  12.51230126  2.5385003  3.82438688   82.167966
P_TUDOADEQ       -56.569549  30.6677898  1.17444476  23.01087691  3.2072947  5.43527747  111.927060
P_NEM_MOTO_CARRO  73.639634 -33.0401567 -1.59154771 -19.57248543 -3.0876072 -9.28434008 -210.632595
P_SO_MOTO         12.966117  -6.5635259 -0.26326034  -3.32560136 -0.7187392 -1.54043776  -32.983737
P_SO_CARRO       -85.599478  39.5024889  1.96288605  20.12742064  3.9007083 10.60168985  242.048627
                  P_GELADEIRA  P_MAQTVGEL   P_CELULAR  P_COMP_INT P_CELCOMPINT      P_MOTO
P_ALVSREV         -3.56180340  -83.235274 -15.1566946  -45.527420   -46.612161  11.9598455
P_REDE_ESG         1.70336893   42.643243   5.2356816   24.246659    24.719542  -6.4623322
P_REDE_AGUA        0.08766162    1.965066   0.2209232    1.130506     1.218633  -0.3713383
P_LIXO             0.77578142   16.544520   4.8138617    8.988649     8.806001  -0.5549362
P_ENERGIA          0.18405726    4.576391   0.3867931    3.285857     3.381221  -0.8131012
P_TV               0.54964500   10.717504   1.9944495    5.705253     5.889350  -1.3173499
P_MAQLAV          10.99225282  239.869913  44.0123703  122.837232   128.291238 -31.4160321
P_GELADEIRA        0.77463457   11.094704   2.1325466    5.510806     5.747903  -1.2870452
P_MAQTVGEL        11.09470449  241.399005  44.3604115  123.681973   129.149668 -31.4771947
P_CELULAR          2.13254655   44.360412  11.6769221   20.502344    22.104470  -4.9981663
P_COMP_INT         5.51080617  123.681973  20.5023439   75.157060    77.727376 -16.4250455
P_CELCOMPINT       5.74790324  129.149668  22.1044704   77.727376    81.046192 -16.9450067
P_MOTO            -1.28704517  -31.477195  -4.9981663  -16.425046   -16.945007   9.3438470
P_CARRO           11.60929053  245.246054  52.1670892  122.032199   128.043684 -29.9953909
P_ADEQ             3.54947845   82.863090  15.0768147   45.418054    46.522992 -11.8544699
P_TUDOADEQ         4.90327016  112.683646  20.1360402   62.533198    63.796372 -14.9550413
P_NEM_MOTO_CARRO -10.10823672 -212.082983 -46.1895094 -105.091277  -110.576713  23.9813134
P_SO_MOTO         -1.50105395  -33.163072  -5.9775798  -16.940923   -17.466971   6.0140779
P_SO_CARRO        11.39528175  243.560177  51.1876756  121.516322   127.521720 -33.3251600
                     P_CARRO      P_ADEQ  P_TUDOADEQ P_NEM_MOTO_CARRO   P_SO_MOTO  P_SO_CARRO
P_ALVSREV         -86.605750 -42.0415044  -56.569549        73.639634  12.9661174  -85.599478
P_REDE_ESG         39.603683  18.4895215   30.667790       -33.040157  -6.5635259   39.502489
P_REDE_AGUA         1.854808   0.8703547    1.174445        -1.591548  -0.2632603    1.962886
P_LIXO             22.898086  12.5123013   23.010877       -19.572485  -3.3256014   20.127421
P_ENERGIA           3.806346   2.5385003    3.207295        -3.087607  -0.7187392    3.900708
P_TV               10.824778   3.8243869    5.435277        -9.284340  -1.5404378   10.601690
P_MAQLAV          243.616332  82.1679658  111.927060      -210.632595 -32.9837372  242.048627
P_GELADEIRA        11.609291   3.5494784    4.903270       -10.108237  -1.5010539   11.395282
P_MAQTVGEL        245.246054  82.8630896  112.683646      -212.082983 -33.1630715  243.560177
P_CELULAR          52.167089  15.0768147   20.136040       -46.189509  -5.9775798   51.187676
P_COMP_INT        122.032199  45.4180540   62.533198      -105.091277 -16.9409227  121.516322
P_CELCOMPINT      128.043684  46.5229921   63.796372      -110.576713 -17.4669712  127.521720
P_MOTO            -29.995391 -11.8544699  -14.955041        23.981313   6.0140779  -33.325160
P_CARRO           284.583355  86.2289445  118.634613      -249.266089 -35.3172674  279.261478
P_ADEQ             86.228945  42.0855288   56.722434       -73.351140 -12.8778058   85.205609
P_TUDOADEQ        118.634613  56.7224336   85.373708      -100.640258 -17.9943567  115.595298
P_NEM_MOTO_CARRO -249.266089 -73.3511400 -100.640258       219.915335  29.3507547 -243.896647
P_SO_MOTO         -35.317267 -12.8778058  -17.994357        29.350755   5.9665130  -35.364832
P_SO_CARRO        279.261478  85.2056086  115.595298      -243.896647 -35.3648323  277.221806
                  P_ALVSREV P_REDE_ESG P_REDE_AGUA      P_LIXO   P_ENERGIA       P_TV   P_MAQLAV
P_ALVSREV         1.0000000 -0.6373857 -0.28281818 -0.48560043 -0.43802121 -0.6814008 -0.8240610
P_REDE_ESG       -0.6373857  1.0000000  0.40617337  0.14400031  0.36321391  0.5422360  0.6256202
P_REDE_AGUA      -0.2828182  0.4061734  1.00000000 -0.05087851  0.50311524  0.1213814  0.2794117
P_LIXO           -0.4856004  0.1440003 -0.05087851  1.00000000  0.06665867  0.2848654  0.2643351
P_ENERGIA        -0.4380212  0.3632139  0.50311524  0.06665867  1.00000000  0.2630463  0.3337546
P_TV             -0.6814008  0.5422360  0.12138143  0.28486542  0.26304630  1.0000000  0.7931802
P_MAQLAV         -0.8240610  0.6256202  0.27941174  0.26433506  0.33375457  0.7931802  1.0000000
P_GELADEIRA      -0.6238841  0.4389707  0.21636927  0.22051800  0.23615277  0.7218761  0.8087985
P_MAQTVGEL       -0.8258898  0.6225264  0.27475393  0.26640327  0.33261662  0.7973606  0.9997930
P_CELULAR        -0.6837900  0.3475236  0.14044676  0.35243784  0.12782125  0.6746642  0.8340894
P_COMP_INT       -0.8096002  0.6343695  0.28328432  0.25939562  0.42800846  0.7607096  0.9175869
P_CELCOMPINT     -0.7982067  0.6228011  0.29406347  0.24471779  0.42412679  0.7561882  0.9228534
P_MOTO            0.6031775 -0.4795144 -0.26390122 -0.04541855 -0.30037947 -0.4981580 -0.6655651
P_CARRO          -0.7914517  0.5324834  0.23885192  0.33958425  0.25479569  0.7417253  0.9351983
P_ADEQ           -0.9990663  0.6464494  0.29145021  0.48252955  0.44187493  0.6814347  0.8202348
P_TUDOADEQ       -0.9438502  0.7528278  0.27612455  0.62305188  0.39198127  0.6799680  0.7844677
P_NEM_MOTO_CARRO  0.7655372 -0.5053469 -0.23314516 -0.33019564 -0.23511634 -0.7236893 -0.9198137
P_SO_MOTO         0.8183368 -0.6094698 -0.23413139 -0.34061440 -0.33227643 -0.7289751 -0.8744634
P_SO_CARRO       -0.7925741  0.5381286  0.25610373  0.30243186  0.26455642  0.7360211  0.9414364
                 P_GELADEIRA P_MAQTVGEL  P_CELULAR P_COMP_INT P_CELCOMPINT      P_MOTO    P_CARRO
P_ALVSREV         -0.6238841 -0.8258898 -0.6837900 -0.8096002   -0.7982067  0.60317752 -0.7914517
P_REDE_ESG         0.4389707  0.6225264  0.3475236  0.6343695    0.6228011 -0.47951444  0.5324834
P_REDE_AGUA        0.2163693  0.2747539  0.1404468  0.2832843    0.2940635 -0.26390122  0.2388519
P_LIXO             0.2205180  0.2664033  0.3524378  0.2593956    0.2447178 -0.04541855  0.3395843
P_ENERGIA          0.2361528  0.3326166  0.1278212  0.4280085    0.4241268 -0.30037947  0.2547957
P_TV               0.7218761  0.7973606  0.6746642  0.7607096    0.7561882 -0.49815802  0.7417253
P_MAQLAV           0.8087985  0.9997930  0.8340894  0.9175869    0.9228534 -0.66556507  0.9351983
P_GELADEIRA        1.0000000  0.8113338  0.7090647  0.7222405    0.7254287 -0.47839044  0.7819023
P_MAQTVGEL         0.8113338  1.0000000  0.8355331  0.9182349    0.9233349 -0.66277394  0.9356847
P_CELULAR          0.7090647  0.8355331  1.0000000  0.6920770    0.7185378 -0.47850188  0.9049564
P_COMP_INT         0.7222405  0.9182349  0.6920770  1.0000000    0.9959162 -0.61981036  0.8344202
P_CELCOMPINT       0.7254287  0.9233349  0.7185378  0.9959162    1.0000000 -0.61576157  0.8431156
P_MOTO            -0.4783904 -0.6627739 -0.4785019 -0.6198104   -0.6157616  1.00000000 -0.5816837
P_CARRO            0.7819023  0.9356847  0.9049564  0.8344202    0.8431156 -0.58168373  1.0000000
P_ADEQ             0.6216554  0.8221044  0.6801098  0.8075645    0.7965902 -0.59779584  0.7879196
P_TUDOADEQ         0.6029417  0.7849303  0.6377461  0.7806631    0.7669510 -0.52949600  0.7611050
P_NEM_MOTO_CARRO  -0.7744604 -0.9204715 -0.9114889 -0.8174365   -0.8282656  0.52903250 -0.9963931
P_SO_MOTO         -0.6982124 -0.8738295 -0.7161449 -0.8000035   -0.7943118  0.80546356 -0.8570814
P_SO_CARRO         0.7776120  0.9415098  0.8996789  0.8418525    0.8507543 -0.65478043  0.9942431
                     P_ADEQ P_TUDOADEQ P_NEM_MOTO_CARRO  P_SO_MOTO P_SO_CARRO
P_ALVSREV        -0.9990663 -0.9438502        0.7655372  0.8183368 -0.7925741
P_REDE_ESG        0.6464494  0.7528278       -0.5053469 -0.6094698  0.5381286
P_REDE_AGUA       0.2914502  0.2761246       -0.2331452 -0.2341314  0.2561037
P_LIXO            0.4825295  0.6230519       -0.3301956 -0.3406144  0.3024319
P_ENERGIA         0.4418749  0.3919813       -0.2351163 -0.3322764  0.2645564
P_TV              0.6814347  0.6799680       -0.7236893 -0.7289751  0.7360211
P_MAQLAV          0.8202348  0.7844677       -0.9198137 -0.8744634  0.9414364
P_GELADEIRA       0.6216554  0.6029417       -0.7744604 -0.6982124  0.7776120
P_MAQTVGEL        0.8221044  0.7849303       -0.9204715 -0.8738295  0.9415098
P_CELULAR         0.6801098  0.6377461       -0.9114889 -0.7161449  0.8996789
P_COMP_INT        0.8075645  0.7806631       -0.8174365 -0.8000035  0.8418525
P_CELCOMPINT      0.7965902  0.7669510       -0.8282656 -0.7943118  0.8507543
P_MOTO           -0.5977958 -0.5294960        0.5290325  0.8054636 -0.6547804
P_CARRO           0.7879196  0.7611050       -0.9963931 -0.8570814  0.9942431
P_ADEQ            1.0000000  0.9462947       -0.7624524 -0.8126718  0.7888385
P_TUDOADEQ        0.9462947  1.0000000       -0.7344833 -0.7972857  0.7513883
P_NEM_MOTO_CARRO -0.7624524 -0.7344833        1.0000000  0.8102727 -0.9877894
P_SO_MOTO        -0.8126718 -0.7972857        0.8102727  1.0000000 -0.8695561
P_SO_CARRO        0.7888385  0.7513883       -0.9877894 -0.8695561  1.0000000
       P_ALVSREV       P_REDE_ESG      P_REDE_AGUA           P_LIXO        P_ENERGIA 
        9.569317        96.163437        99.676396        97.808161        99.555508 
            P_TV         P_MAQLAV      P_GELADEIRA       P_MAQTVGEL        P_CELULAR 
       98.601969        69.033973        98.594251        68.551122        91.184828 
      P_COMP_INT     P_CELCOMPINT           P_MOTO          P_CARRO           P_ADEQ 
       85.760409        84.105916        11.955781        52.349531        90.163885 
      P_TUDOADEQ P_NEM_MOTO_CARRO        P_SO_MOTO       P_SO_CARRO 
       86.040899        43.350262         4.300207        44.693957 
                      [,1]
P_ALVSREV         9.569317
P_REDE_ESG       96.163437
P_REDE_AGUA      99.676396
P_LIXO           97.808161
P_ENERGIA        99.555508
P_TV             98.601969
P_MAQLAV         69.033973
P_GELADEIRA      98.594251
P_MAQTVGEL       68.551122
P_CELULAR        91.184828
P_COMP_INT       85.760409
P_CELCOMPINT     84.105916
P_MOTO           11.955781
P_CARRO          52.349531
P_ADEQ           90.163885
P_TUDOADEQ       86.040899
P_NEM_MOTO_CARRO 43.350262
P_SO_MOTO         4.300207
P_SO_CARRO       44.693957
[1] 4991.801
         [,1]
[1,] 4991.801
         [,1]
[1,] 14714083
RStudioGD 
        2 
Importance of components:
                          Comp.1
Standard deviation     0.9925093
Proportion of Variance 1.0000000
Cumulative Proportion  1.0000000
     Comp.1
[1,]      1
         Comp.1
[1,] -0.6950406
[2,] -0.2956103
[3,] -0.6288525
[4,] -0.7346668
[5,] -0.6090920
[6,] -0.8714172
RStudioGD 
        2 
[1] NA
     [,1]
[1,]   NA
    P_ALUG100 P_BANH4OUMAIS   P_IDOSO10SM 
    10.786429      4.064942      1.043079 
                   [,1]
P_ALUG100     10.786429
P_BANH4OUMAIS  4.064942
P_IDOSO10SM    1.043079
              P_ALUG100 P_BANH4OUMAIS P_IDOSO10SM
P_ALUG100     350.29372     99.963919   26.982804
P_BANH4OUMAIS  99.96392     35.478703    8.393731
P_IDOSO10SM    26.98280      8.393731    2.530233
              P_ALUG100 P_BANH4OUMAIS P_IDOSO10SM
P_ALUG100     1.0000000     0.8966919   0.9063390
P_BANH4OUMAIS 0.8966919     1.0000000   0.8859127
P_IDOSO10SM   0.9063390     0.8859127   1.0000000
RStudioGD 
        2 
Importance of components:
                         Comp.1     Comp.2     Comp.3
Standard deviation     1.658606 0.33726756 0.30083380
Proportion of Variance 0.930885 0.03849096 0.03062407
Cumulative Proportion  0.930885 0.96937593 1.00000000
                 Comp.1     Comp.2     Comp.3
P_ALUG100     0.5795747  0.1970409  0.7907389
P_BANH4OUMAIS 0.5751902 -0.7862790 -0.2256580
P_IDOSO10SM   0.5772776  0.5856109 -0.5690435
                 Comp.1     Comp.2     Comp.3
P_ALUG100     0.5795747  0.1970409  0.7907389
P_BANH4OUMAIS 0.5751902 -0.7862790 -0.2256580
P_IDOSO10SM   0.5772776  0.5856109 -0.5690435
[1] 1
RStudioGD 
        2 
         Comp.1       Comp.2      Comp.3
[1,] -1.0215405  0.036471141  0.09526022
[2,] -0.6467923 -0.065408392 -0.07104170
[3,] -1.0518748  0.039130283  0.03239081
[4,] -1.0676480  0.009552397  0.05132224
[5,] -1.0119798 -0.088277455  0.03489785
[6,] -1.1051056  0.039024605  0.07143287
RStudioGD 
        2 
       ICE_renda          ICE_edu  ICE_renda_preto    ICE_renda_ppi ICE_branco_renda 
    -0.003331942     -0.256823249      0.093370749     -0.005593370      0.035970514 
                         [,1]
ICE_renda        -0.003331942
ICE_edu          -0.256823249
ICE_renda_preto   0.093370749
ICE_renda_ppi    -0.005593370
ICE_branco_renda  0.035970514
                    ICE_renda      ICE_edu ICE_renda_preto ICE_renda_ppi ICE_branco_renda
ICE_renda        8.142775e-05 0.0007874145    0.0001314483  0.0002269464     6.696591e-05
ICE_edu          7.874145e-04 0.0866528639    0.0128856188  0.0201387273     2.095110e-03
ICE_renda_preto  1.314483e-04 0.0128856188    0.0021201687  0.0031607525     4.714705e-04
ICE_renda_ppi    2.269464e-04 0.0201387273    0.0031607525  0.0049611725     4.952354e-04
ICE_branco_renda 6.696591e-05 0.0020951099    0.0004714705  0.0004952354     5.453936e-04
                 ICE_renda   ICE_edu ICE_renda_preto ICE_renda_ppi ICE_branco_renda
ICE_renda        1.0000000 0.2964324       0.3163614     0.3570630        0.3177698
ICE_edu          0.2964324 1.0000000       0.9506674     0.9712888        0.3047617
ICE_renda_preto  0.3163614 0.9506674       1.0000000     0.9745702        0.4384442
ICE_renda_ppi    0.3570630 0.9712888       0.9745702     1.0000000        0.3010679
ICE_branco_renda 0.3177698 0.3047617       0.4384442     0.3010679        1.0000000
RStudioGD 
        2 
Importance of components:
                          Comp.1    Comp.2    Comp.3     Comp.4      Comp.5
Standard deviation     1.7966510 0.9816427 0.8268633 0.20205780 0.096257244
Proportion of Variance 0.6553727 0.1956445 0.1388124 0.00828919 0.001881169
Cumulative Proportion  0.6553727 0.8510172 0.9898296 0.99811883 1.000000000
                    Comp.1     Comp.2      Comp.3       Comp.4      Comp.5
ICE_renda        0.2660962  0.6655206  0.69439001  0.009282794  0.06333624
ICE_edu          0.5247382 -0.2700371  0.02960099  0.783190080  0.19356354
ICE_renda_preto  0.5385877 -0.1653389 -0.09495970 -0.562074676  0.59803092
ICE_renda_ppi    0.5333484 -0.2341693  0.09338880 -0.252022218 -0.76711641
ICE_branco_renda 0.2816121  0.6340269 -0.70654616  0.084166434 -0.11141409
RStudioGD 
        2 
          Comp.1      Comp.2     Comp.3      Comp.4       Comp.5
[1,] -1.45140953  0.29761046  0.6620363 -0.03724720  0.001281282
[2,] -0.05234317  0.32360380  0.5746723 -0.03243440  0.013872673
[3,] -1.92203576 -1.91226519 -0.6728241 -0.18628680 -0.078372189
[4,] -2.85090875 -1.81030548 -1.5154836  0.19477103 -0.047058661
[5,] -0.32844949  0.09844841  0.5365848 -0.38606076 -0.093598556
[6,] -2.14508024  0.29969298  1.2966573 -0.07060919 -0.008001233
RStudioGD 
        2 
