                   PC1         PC2           PC3          PC4         PC5          PC6         PC7
P_SEM_INST   0.3670453 -0.05262027  0.0595807673 -0.111121721  0.24466911 -0.092869777  0.16014557
P_ENSSUP    -0.3516501  0.27864742 -0.0008587671 -0.005211843 -0.10798817  0.357724464 -0.19454584
P_ATE5      -0.1835778 -0.20423741  0.9590652096  0.055349944 -0.01528303  0.009594141 -0.02061515
P_MAISDE2    0.2631653  0.44059019  0.0983047052  0.832129371  0.13693073 -0.078472574 -0.07213788
M_DENSMORA   0.3636458 -0.14275513  0.0750975920 -0.153906266  0.19717776 -0.226753562  0.09661513
P_POBREZA    0.3406260  0.14798811  0.1119751226 -0.236159970  0.55684860  0.582933863 -0.16022554
M_RENDDOM   -0.3268764  0.38982895  0.0151550692 -0.159990031  0.13460922  0.170731310 -0.08046439
P_IDOSO10SM -0.2948135  0.46243707  0.0777816725 -0.238222804  0.41448551 -0.534543706  0.26508957
P_ALVSREV    0.3254478  0.31590891  0.1292213668 -0.313226206 -0.33245251 -0.317197550 -0.67893471
P_TUDOADEQ  -0.3011966 -0.41935843 -0.1606972328  0.179459335  0.50999019 -0.224563831 -0.59847340
                    PC8         PC9         PC10
P_SEM_INST   0.49749600  0.39863477 -0.588272597
P_ENSSUP    -0.18044054 -0.25541922 -0.723460998
P_ATE5       0.01996199  0.02213481  0.008805291
P_MAISDE2    0.02742423 -0.05963560  0.010042202
M_DENSMORA   0.04208760 -0.83904222 -0.112525514
P_POBREZA   -0.27908086  0.09278520  0.178055504
M_RENDDOM    0.73473866 -0.20233879  0.284312384
P_IDOSO10SM -0.31030839  0.10563707 -0.034331622
P_ALVSREV   -0.01679754  0.08276380  0.015912397
P_TUDOADEQ   0.05212042  0.01593791 -0.061073783
