                   PC1          PC2           PC3         PC4         PC5         PC6         PC7
P_SEM_INST  -0.3719438  0.007401203 -0.0547649562  0.05211603 -0.30698365  0.20610527 -0.20025684
P_ENSSUP     0.3571511 -0.274562745  0.0646250770  0.04475353  0.27085173  0.26321800  0.20011121
P_ATE5       0.1626820  0.331414632 -0.6514329253  0.65137289  0.08917573  0.05701335  0.03523037
P_MAISDE2   -0.1708220  0.146642660  0.7073540799  0.65419164  0.12185868 -0.01471467  0.06805045
M_DENSMORA  -0.3711951  0.103340745 -0.0570147226  0.01514547 -0.29939318 -0.04034702 -0.28246039
P_POBREZA   -0.3496603 -0.263221898 -0.1104646907  0.13184993 -0.36753237  0.44462937  0.46048098
M_RENDDOM    0.3391135 -0.369886053  0.0742788182  0.14611098 -0.10921179  0.56024160 -0.44210975
P_IDOSO10SM  0.3134928 -0.434742804  0.0005236077  0.25354614 -0.55368088 -0.55694391  0.13301319
P_ALVSREV   -0.3303869 -0.401307540 -0.1508902328  0.02012983  0.38772466 -0.06672225  0.39671714
P_TUDOADEQ   0.3097999  0.475805608  0.1561125961 -0.19843042 -0.34067883  0.23861616  0.50161343
                    PC8          PC9         PC10
P_SEM_INST   0.31284895 -0.762295008  0.009923970
P_ENSSUP    -0.26693589 -0.386644132 -0.622448196
P_ATE5       0.04602798  0.004030071 -0.021646969
P_MAISDE2    0.02997326  0.020066518  0.001138895
M_DENSMORA   0.01450515  0.367484369 -0.736037775
P_POBREZA   -0.42295993  0.160901471  0.171063176
M_RENDDOM    0.32922241  0.283689980  0.105803120
P_IDOSO10SM  0.08902919 -0.066431004 -0.040671914
P_ALVSREV    0.60401686  0.137671887 -0.103281253
P_TUDOADEQ   0.40938776  0.064908037 -0.132136793
