                   PC1         PC2        PC3         PC4         PC5
P_SEM_INST  -0.3816334  0.01216855 -0.3145130 -0.22834122  0.14507222
P_ENSSUP     0.3681484  0.26913934  0.2719866 -0.25886007 -0.08009397
M_DENSMORA  -0.3814039 -0.08961669 -0.3057530  0.03911639  0.22808689
P_POBREZA   -0.3593415  0.30020732 -0.3546788 -0.42621202 -0.32643665
M_RENDDOM    0.3504681  0.38370358 -0.1221494 -0.56083371  0.39783611
P_IDOSO10SM  0.3223308  0.47968549 -0.5689371  0.51886992 -0.22915711
P_ALVSREV   -0.3402594  0.41440237  0.4362219 -0.01965221 -0.51364307
P_TUDOADEQ   0.3189451 -0.52934339 -0.2809332 -0.33692479 -0.58252788
                   PC6         PC7         PC8
P_SEM_INST   0.3306134  0.75647847 -0.02321379
P_ENSSUP    -0.3282036  0.39409655  0.61773846
M_DENSMORA   0.1052311 -0.37327740  0.74098020
P_POBREZA   -0.5570131 -0.16153239 -0.17429380
M_RENDDOM    0.3766523 -0.29396619 -0.11803457
P_IDOSO10SM  0.1132651  0.07101447  0.05200181
P_ALVSREV    0.4870840 -0.11458797  0.08722465
P_TUDOADEQ   0.2639948 -0.04909097  0.11910436
